1668860609827 0.5295458958170354 0
1668860609869 0.37589422957420726 1
1668860609915 0.2958017796490675 2
1668860609956 0.2505336542193505 3
1668860609989 0.2231992710682111 4
1668860610023 0.20448756858470174 5
1668860610063 0.1886299712602814 6
1668860610097 0.17922821878695613 7
1668860610132 0.16967835512904633 8
1668860610166 0.16945125828853785 9
1668860610240 0.16215511646892758 10
1668860610293 0.15684978500553928 11
1668860610335 0.1544739246134876 12
1668860610373 0.15332057107420502 13
1668860610406 0.14966179698526313 14
1668860610461 0.15030735640676154 15
1668860610512 0.14722049788100275 16
1668860610550 0.14768761606086153 17
1668860610638 0.14507376552613013 18
1668860610704 0.14380638439674928 19
1668860610745 0.14436685649749473 20
1668860610783 0.14589254204505378 21
1668860610821 0.1415758600517044 22
1668860610884 0.14260261726209933 23
1668860610932 0.14157977595795415 24
1668860611009 0.14214195262037232 25
1668860611060 0.14243034471176588 26
1668860611112 0.1401424926493764 27
1668860611167 0.1410258779086307 28
1668860611205 0.1394384361871174 29
1668860611238 0.14077167238489138 30
1668860611320 0.1400433933081509 31
1668860611387 0.14331766343442603 32
1668860611448 0.13957793026223345 33
1668860611515 0.13908543628595058 34
1668860611560 0.13805294515467706 35
1668860611633 0.13939761596637812 36
1668860611709 0.1398846611243927 37
1668860611749 0.14118909503046678 38
1668860611808 0.14019888649655182 39
1668860611838 0.1394533251233564 40
1668860611894 0.13730967285823248 41
1668860611998 0.1392728113088019 42
1668860612045 0.14110199864441045 43
1668860612087 0.13979379678638776 44
1668860612132 0.1374763496142961 45
1668860612230 0.13925061699320668 46
1668860612281 0.13873966178022953 47
1668860612319 0.14067741596951241 48
1668860612362 0.13987347366219013 49
1668860612408 0.13969662808438432 50
1668860612509 0.1370505144238932 51
1668860612577 0.13865117087693027 52
1668860612641 0.13821772709663335 53
1668860612676 0.13743708759788 54
1668860612722 0.13599006552325782 55
1668860612765 0.13614551060033972 56
1668860612815 0.13876035671377035 57
1668860612864 0.13655567379781217 58
1668860612905 0.13884256727571406 59
1668860612950 0.13586052571862467 60
1668860613000 0.1386808084515594 61
1668860613068 0.13694040933685855 62
1668860613140 0.13709477338576592 63
1668860613174 0.1380807261105713 64
1668860613208 0.13593180668561805 65
1668860613250 0.13785415556243888 66
1668860613309 0.13630980099884635 67
1668860613347 0.13481838017928502 68
1668860613386 0.13551475162144852 69
1668860613455 0.1364912160051108 70
1668860613545 0.1372341743020036 71
1668860613638 0.13510350338850524 72
1668860613728 0.1380681216023871 73
1668860613787 0.1365828609029794 74
1668860613859 0.13828272372142733 75
1668860613963 0.13607426200320313 76
1668860614075 0.13513829285324364 77
1668860614193 0.13320253028439966 78
1668860614281 0.1378375835594735 79
1668860614336 0.13596176972215307 80
1668860614417 0.13545758002796462 81
1668860614457 0.13581502786574767 82
1668860614497 0.13379593901745945 83
1668860614537 0.13434638913563057 84
1668860614578 0.13326510864926575 85
1668860614647 0.13201528433819962 86
1668860614698 0.1358499515885376 87
1668860614777 0.13660674215411897 88
1668860614860 0.13328542150967487 89
1668860614915 0.13408519350705886 90
1668860614972 0.13506146440689526 91
1668860615043 0.13591670094248726 92
1668860615103 0.13585101528590296 93
1668860615189 0.13477311008904028 94
1668860615271 0.1367410204870127 95
1668860615326 0.13703494391273568 96
1668860615371 0.1375244504856195 97
1668860615420 0.1352974901100343 98
1668860615491 0.13453264546947633 99
