1668450086035 1.1678280385676674 0
1668450086113 0.9948061137445503 1
1668450086155 0.8665247810053648 2
1668450086200 0.7703516500446144 3
1668450086285 0.6971676023857121 4
1668450086328 0.6388950696034024 5
1668450086365 0.5903589257823284 6
1668450086420 0.5509815370258808 7
1668450086477 0.5167003562409551 8
1668450086520 0.48810750868619646 9
1668450086563 0.46262286775538813 10
1668450086642 0.43997716244854806 11
1668450086716 0.4200362511559473 12
1668450086764 0.4023918552557177 13
1668450086850 0.38610533884130627 14
1668450086940 0.3716577798389011 15
1668450086981 0.35844040223822937 16
1668450087027 0.34654739987410804 17
1668450087073 0.3354336396772998 18
1668450087120 0.3252324127902387 19
1668450087189 0.31599098797893754 20
1668450087269 0.3075452375744274 21
1668450087320 0.29942884750884163 22
1668450087391 0.29195403665715675 23
1668450087434 0.28497336202075785 24
1668450087477 0.2785780497920061 25
1668450087525 0.27264048387070317 26
1668450087571 0.26686810219020035 27
1668450087617 0.26160288910756496 28
1668450087663 0.256505480772248 29
1668450087710 0.25190709950093493 30
1668450087776 0.24750658319787047 31
1668450087822 0.24352094983694275 32
1668450087868 0.23947760141034471 33
1668450087914 0.23571297635312513 34
1668450087960 0.2320637932741636 35
1668450088006 0.22877934640654887 36
1668450088052 0.2256134802372604 37
1668450088099 0.22274412188503884 38
1668450088145 0.21989819093666144 39
1668450088193 0.2171973906901121 40
1668450088255 0.2145025456152719 41
1668450088301 0.21207660890121727 42
1668450088361 0.20981517242323064 43
1668450088407 0.2075783611157082 44
1668450088453 0.2053303147500604 45
1668450088501 0.20334211306420819 46
1668450088567 0.20137543044234638 47
1668450088671 0.1995915302402472 48
1668450088763 0.19780606892775937 49
1668450088852 0.19609568765912241 50
1668450088947 0.19438288281575672 51
1668450089005 0.1928412603162713 52
1668450089072 0.19132073522079565 53
1668450089139 0.18987225761716556 54
1668450089206 0.1883897875246646 55
1668450089270 0.1869790276886804 56
1668450089333 0.1858047583521949 57
1668450089417 0.18453406988190274 58
1668450089475 0.18341193552444038 59
1668450089549 0.18220829327309573 60
1668450089641 0.1811760482626946 61
1668450089700 0.18009027764403435 62
1668450089746 0.17910010771571783 63
1668450089791 0.1781296982943653 64
1668450089837 0.17716119419761972 65
1668450089883 0.17629242937663805 66
1668450089931 0.17541871181250032 67
1668450089990 0.17452067835622742 68
1668450090037 0.17367966405452578 69
1668450090097 0.1729098718945875 70
1668450090186 0.17217914218317618 71
1668450090247 0.17140010962030644 72
1668450090314 0.17077605214524225 73
1668450090380 0.17012740805195153 74
1668450090427 0.16955515991352732 75
1668450090473 0.16887094855674675 76
1668450090537 0.16816926945109814 77
1668450090610 0.16747529973780742 78
1668450090676 0.16698240432072534 79
1668450090762 0.1664282644258464 80
1668450090864 0.16587268736101943 81
1668450090933 0.16533988442882988 82
1668450090981 0.164767087739052 83
1668450091027 0.16427560339751532 84
1668450091080 0.16376695918308937 85
1668450091148 0.16325204210504646 86
1668450091214 0.16287305460491602 87
1668450091282 0.1624955010741173 88
1668450091350 0.16201958821730925 89
1668450091398 0.1615984577739525 90
1668450091470 0.16121846781967059 91
1668450091516 0.1608563987041739 92
1668450091562 0.16051230115089232 93
1668450091610 0.16012574590597747 94
1668450091671 0.15985702808625435 95
1668450091748 0.15960205608350755 96
1668450091829 0.15934155828666516 97
1668450091900 0.15899318183765598 98
1668450091965 0.15864676336509936 99
